25821138
24627096
23014838
21715751
18348411
7593870
2420129
2179152
2017275
1911336
1812074
1357808
1297818
1204153
1192196
1182067
1028380
982892
886052
816551
799643
793974
658851
658670
597064
543979
541660
529609
522054
518745
508692
505115
470691
447286
385577
334027
322531
315646
298512
252970
251516
242986
205730
192582
188261
173535
166598
159250
152688
148839
148324
147354
140664
140386
130705
119807
118897
116942
114051
104420
101449
95926
91747
89278
89204
86734
85545
85004
84209
82718
81496
80748
79317
78557
73339
73199
72549
72240
70963
69837
68868
67858
67531
66281
66145
65797
64658
63981
60482
60068
56599
55011
54604
54273
53152
52256
49195
48785
47527
47358
46516
46370
45072
45061
45036
44964
44320
42899
41744
39082
38931
38777
38403
37441
37357
37335
37123
37106
36957
36757
36719
36705
36137
36095
35782
34463
34190
34055
33344
32962
32659
31794
31682
31399
31258
30485
29401
28549
27900
26733
26209
25676
25628
25496
25179
23334
21701
20067
19673
18668
16516
